13,2,10|13,5,6,9|13,5,6,11|13,5,9|13,5,11|13,9|13,10|13,11|14,6,5,9|14,6,5,11|14,6,5,13,2,10|14,6,5,13,9|14,6,5,13,10|14,6,5,13,11|14,6,9|14,6,11
13,0,1,8|13,0,8|13,0,9|13,1,0,8|13,1,0,9|13,1,8|13,2,10|13,9|13,10|13,11|14,5,6,9|14,5,9|14,5,11|14,6,5,9|14,6,5,11|14,6,9
13,0,1,8|13,0,9|13,1,0,9|13,1,8|13,2,10|13,5,8|13,5,9|13,8|13,9|13,10
13,0,11|13,1,8|13,2,10|13,3,4,7|13,3,7|13,4,3,7|13,4,7|13,8|13,9|13,10|14,5,6,9|14,5,8|14,5,9|14,6,5,8|14,6,5,9|14,6,9
13,1,8|13,1,9|13,3,4,7|13,3,7|13,4,3,7|13,4,7|13,5,8|13,5,9|13,7|13,8|13,9|13,10|14,6,8|14,6,9
13,0,1,8|13,0,1,9|13,0,12|13,1,0,12|13,1,8|13,1,9|13,3,4,7|13,3,7|13,4,3,7|13,4,7|13,6,5,8|13,6,5,9|13,6,8|13,6,9|13,7|13,8|13,9|14,5,6,8|14,5,6,9|14,5,6,13,0,1,8|14,5,6,13,0,1,9|14,5,6,13,0,12|14,5,6,13,1,0,12|14,5,6,13,1,8|14,5,6,13,1,9|14,5,6,13,3,4,7|14,5,6,13,3,7|14,5,6,13,4,3,7|14,5,6,13,4,7|14,5,6,13,7|14,5,6,13,8|14,5,6,13,9|14,5,8|14,5,9
13,0,1,8|13,0,1,9|13,0,8|13,1,0,8|13,1,8|13,1,9|13,3,4,7|13,3,7|13,4,3,7|13,4,7|13,5,6,8|13,5,6,9|13,5,8|13,5,9|13,6,5,8|13,6,5,9|13,6,8|13,6,9|13,7|13,8|13,9
13,0,1,8|13,0,1,9|13,0,8|13,0,9|13,1,0,8|13,1,0,9|13,1,8|13,1,9|13,2,3,4,7|13,2,3,7|13,2,4,3,7|13,2,4,7|13,3,2,4,7|13,3,4,7|13,3,7|13,4,2,3,7|13,4,3,7|13,4,7|13,6,8|13,6,12|13,7|13,8|13,12|14,5,8|14,5,12
13,1,0,9|13,1,0,11|13,1,8|13,1,9|13,2,3,4,7|13,2,3,7|13,2,4,3,7|13,2,4,7|13,2,7|13,3,2,4,7|13,3,2,7|13,3,4,2,7|13,3,4,7|13,3,7|13,4,2,3,7|13,4,2,7|13,4,3,2,7|13,4,3,7|13,4,7|13,5,6,8|13,5,6,12|13,5,8|13,5,12|13,6,5,8|13,6,5,12|13,6,8|13,6,12|13,7|13,8|13,12
13,0,11|13,0,12|13,2,3,4,7|13,2,3,7|13,2,4,3,7|13,2,4,7|13,2,7|13,3,2,4,7|13,3,2,7|13,3,4,2,7|13,3,4,7|13,3,7|13,4,2,3,7|13,4,2,7|13,4,3,2,7|13,4,3,7|13,4,7|13,6,8|13,6,12|13,7|13,8|13,12|14,5,8|14,5,12
13,0,12|13,2,3,4,7|13,2,3,7|13,2,4,3,7|13,2,4,7|13,2,7|13,3,2,4,7|13,3,2,7|13,3,4,2,7|13,3,4,7|13,3,7|13,4,2,3,7|13,4,2,7|13,4,3,2,7|13,4,3,7|13,4,7|13,5,6,11|13,5,6,12|13,5,11|13,5,12|13,7|13,11|13,12|14,6,5,11|14,6,5,12|14,6,5,13,0,12|14,6,5,13,2,3,4,7|14,6,5,13,2,3,7|14,6,5,13,2,4,3,7|14,6,5,13,2,4,7|14,6,5,13,2,7|14,6,5,13,3,2,4,7|14,6,5,13,3,2,7|14,6,5,13,3,4,2,7|14,6,5,13,3,4,7|14,6,5,13,3,7|14,6,5,13,4,2,3,7|14,6,5,13,4,2,7|14,6,5,13,4,3,2,7|14,6,5,13,4,3,7|14,6,5,13,4,7|14,6,5,13,7|14,6,5,13,11|14,6,5,13,12|14,6,11|14,6,12
13,0,1,9|13,0,8|13,2,3,4,7|13,2,3,7|13,2,4,3,7|13,2,4,7|13,2,7|13,3,2,4,7|13,3,2,7|13,3,4,2,7|13,3,4,7|13,3,7|13,4,2,3,7|13,4,2,7|13,4,3,2,7|13,4,3,7|13,4,7|13,7|13,11|13,12|14,5,6,11|14,5,6,12|14,5,11|14,5,12|14,6,5,11|14,6,5,12|14,6,11|14,6,12
13,3,2,4,7|13,3,2,7|13,3,4,2,7|13,3,4,7|13,3,7|13,4,2,3,7|13,4,2,7|13,4,3,2,7|13,4,3,7|13,4,7|13,5,11|13,5,12|13,7|13,10|13,11|13,12
13,0,1,9|13,0,9|13,1,0,9|13,1,9|13,3,4,7|13,3,7|13,10|13,11|13,12|14,5,6,11|14,5,6,12|14,5,11|14,5,12|14,6,5,11|14,6,5,12|14,6,11|14,6,12
13,0,1,9|13,0,11|13,1,0,11|13,1,9|13,3,4,7|13,5,11|13,5,12|13,10|13,11|13,12|14,6,11|14,6,12
13,0,11|13,0,12|13,1,9|13,3,4,7|13,6,5,9|13,6,5,11|13,6,9|13,6,11|13,9|13,10|13,11|14,5,6,9|14,5,6,11|14,5,6,13,0,11|14,5,6,13,0,12|14,5,6,13,1,9|14,5,6,13,3,4,7|14,5,6,13,9|14,5,6,13,10|14,5,6,13,11|14,5,9|14,5,11
13,1,9|13,2,10|13,5,6,9|13,5,6,11|13,5,9|13,5,11|13,6,5,9|13,6,5,11|13,6,9|13,6,11|13,9|13,10|13,11
13,0,8|13,0,9|13,1,0,8|13,1,0,9|13,2,10|13,6,9|13,6,11|13,9|13,10|13,11|14,5,9|14,5,11
13,0,9|13,1,0,9|13,2,10|13,5,6,8|13,5,6,9|13,5,8|13,5,9|13,6,5,8|13,6,5,9|13,6,8|13,6,9|13,8|13,9|13,10
13,0,11|13,1,0,11|13,2,10|13,4,7|13,6,8|13,6,9|13,8|13,9|13,10|14,5,8|14,5,9
13,1,0,11|13,1,0,12|13,1,11|13,4,7|13,5,6,8|13,5,6,9|13,5,8|13,5,9|13,7|13,8|13,9|13,10|14,6,5,8|14,6,5,9|14,6,5,13,1,0,11|14,6,5,13,1,0,12|14,6,5,13,1,11|14,6,5,13,4,7|14,6,5,13,7|14,6,5,13,8|14,6,5,13,9|14,6,5,13,10|14,6,8|14,6,9
13,0,12|13,4,7|13,7|13,8|13,9|14,5,6,8|14,5,8|14,5,9|14,6,5,8|14,6,5,9|14,6,8
13,0,8|13,4,7|13,5,8|13,5,9|13,7|13,8|13,9
13,0,1,11|13,0,8|13,0,9|13,2,4,7|13,3,2,4,7|13,4,7|13,7|13,8|13,12|14,5,6,8|14,5,8|14,5,12|14,6,5,8|14,6,5,12|14,6,8
13,2,4,7|13,2,7|13,3,2,4,7|13,3,2,7|13,4,2,7|13,4,7|13,5,8|13,5,12|13,7|13,8|13,12|14,6,8|14,6,12
13,0,1,11|13,0,11|13,0,12|13,1,0,11|13,1,0,12|13,1,11|13,2,4,7|13,2,7|13,3,2,4,7|13,3,2,7|13,4,2,7|13,4,7|13,6,5,8|13,6,5,12|13,6,8|13,6,12|13,7|13,8|13,12|14,5,6,8|14,5,6,12|14,5,6,13,0,1,11|14,5,6,13,0,11|14,5,6,13,0,12|14,5,6,13,1,0,11|14,5,6,13,1,0,12|14,5,6,13,1,11|14,5,6,13,2,4,7|14,5,6,13,2,7|14,5,6,13,3,2,4,7|14,5,6,13,3,2,7|14,5,6,13,4,2,7|14,5,6,13,4,7|14,5,6,13,7|14,5,6,13,8|14,5,6,13,12|14,5,8|14,5,12
13,0,1,11|13,0,12|13,1,0,12|13,1,11|13,2,4,7|13,2,7|13,4,2,7|13,4,7|13,5,6,11|13,5,6,12|13,5,11|13,5,12|13,6,5,11|13,6,5,12|13,6,11|13,6,12|13,7|13,11|13,12
13,0,8|13,1,11|13,2,4,7|13,2,7|13,4,2,7|13,4,7|13,6,11|13,6,12|13,7|13,11|13,12|14,5,11|14,5,12
13,1,11|13,1,12|13,4,2,7|13,4,7|13,5,6,11|13,5,6,12|13,5,11|13,5,12|13,6,5,11|13,6,5,12|13,6,11|13,6,12|13,7|13,10|13,11|13,12
13,0,1,11|13,0,1,12|13,0,9|13,1,0,9|13,1,11|13,1,12|13,6,11|13,6,12|13,10|13,11|13,12|14,5,11|14,5,12
13,0,1,11|13,0,1,12|13,0,11|13,1,0,11|13,1,11|13,1,12|13,5,6,11|13,5,6,12|13,5,11|13,5,12|13,10|13,11|13,12|14,6,5,11|14,6,5,12|14,6,5,13,0,1,11|14,6,5,13,0,1,12|14,6,5,13,0,11|14,6,5,13,1,0,11|14,6,5,13,1,11|14,6,5,13,1,12|14,6,5,13,10|14,6,5,13,11|14,6,5,13,12|14,6,11|14,6,12
13,0,1,11|13,0,1,12|13,0,11|13,0,12|13,1,0,11|13,1,0,12|13,1,11|13,1,12|13,9|13,10|13,11|14,5,6,9|14,5,9|14,5,11|14,6,5,9|14,6,5,11|14,6,9
13,1,0,8|13,1,0,12|13,1,11|13,1,12|13,2,10|13,5,9|13,5,11|13,9|13,10|13,11
13,0,8|13,0,9|13,2,10|13,3,2,10|13,9|13,10|13,11|14,5,6,11|14,5,9|14,5,11|14,6,5,9|14,6,5,11|14,6,11
13,0,9|13,2,3,10|13,2,10|13,3,2,10|13,3,10|13,5,8|13,5,9|13,8|13,9|13,10|14,6,8|14,6,9
13,0,1,12|13,0,11|13,2,3,10|13,2,10|13,3,2,10|13,3,10|13,4,7|13,6,5,8|13,6,5,9|13,6,8|13,6,9|13,8|13,9|13,10|14,5,6,8|14,5,6,9|14,5,6,13,0,1,12|14,5,6,13,0,11|14,5,6,13,2,3,10|14,5,6,13,2,10|14,5,6,13,3,2,10|14,5,6,13,3,10|14,5,6,13,4,7|14,5,6,13,8|14,5,6,13,9|14,5,6,13,10|14,5,8|14,5,9
13,4,7|13,5,6,8|13,5,6,9|13,5,8|13,5,9|13,6,5,8|13,6,5,9|13,6,8|13,6,9|13,7|13,8|13,9|13,10
13,0,1,12|13,0,12|13,1,0,12|13,1,12|13,4,7|13,6,8|13,6,9|13,7|13,8|13,9|14,5,8|14,5,9
13,0,1,12|13,0,8|13,1,0,8|13,1,12|13,4,7|13,5,6,8|13,5,6,9|13,5,8|13,5,9|13,6,5,8|13,6,5,9|13,6,8|13,6,9|13,7|13,8|13,9
13,0,8|13,0,9|13,1,12|13,2,4,7|13,4,7|13,6,8|13,6,12|13,7|13,8|13,12|14,5,8|14,5,12
13,1,12|13,2,4,7|13,2,7|13,4,2,7|13,4,7|13,5,6,8|13,5,6,12|13,5,8|13,5,12|13,7|13,8|13,12|14,6,5,8|14,6,5,12|14,6,5,13,1,12|14,6,5,13,2,4,7|14,6,5,13,2,7|14,6,5,13,4,2,7|14,6,5,13,4,7|14,6,5,13,7|14,6,5,13,8|14,6,5,13,12|14,6,8|14,6,12
13,0,11|13,0,12|13,1,0,11|13,1,0,12|13,2,4,7|13,2,7|13,4,2,7|13,4,7|13,7|13,8|13,12|14,5,6,12|14,5,8|14,5,12|14,6,5,8|14,6,5,12|14,6,12
13,0,12|13,1,0,12|13,2,4,7|13,2,7|13,4,2,7|13,4,7|13,5,11|13,5,12|13,7|13,11|13,12
13,0,8|13,1,0,8|13,2,4,7|13,2,7|13,3,10|13,4,2,7|13,4,7|13,7|13,11|13,12|14,5,6,12|14,5,11|14,5,12|14,6,5,11|14,6,5,12|14,6,12
13,1,0,8|13,1,0,9|13,1,8|13,3,10|13,4,2,7|13,4,7|13,5,11|13,5,12|13,7|13,10|13,11|13,12|14,6,11|14,6,12
13,0,9|13,3,10|13,6,5,11|13,6,5,12|13,6,11|13,6,12|13,10|13,11|13,12|14,5,6,11|14,5,6,12|14,5,6,13,0,9|14,5,6,13,3,10|14,5,6,13,10|14,5,6,13,11|14,5,6,13,12|14,5,11|14,5,12
13,0,11|13,3,2,4,7|13,3,10|13,5,6,11|13,5,6,12|13,5,11|13,5,12|13,6,5,11|13,6,5,12|13,6,11|13,6,12|13,10|13,11|13,12
13,0,1,8|13,0,11|13,0,12|13,2,3,10|13,3,10|13,6,9|13,6,11|13,9|13,10|13,11|14,5,9|14,5,11
13,2,3,10|13,2,10|13,3,2,10|13,3,10|13,5,6,9|13,5,6,11|13,5,9|13,5,11|13,6,5,9|13,6,5,11|13,6,9|13,6,11|13,9|13,10|13,11
13,0,1,8|13,0,8|13,0,9|13,1,0,8|13,1,0,9|13,1,8|13,2,3,10|13,2,10|13,3,2,10|13,3,10|13,6,9|13,6,11|13,9|13,10|13,11|14,5,9|14,5,11
13,0,1,8|13,0,9|13,1,0,9|13,1,8|13,2,3,10|13,2,10|13,3,2,10|13,3,10|13,5,6,8|13,5,6,9|13,5,8|13,5,9|13,8|13,9|13,10|14,6,5,8|14,6,5,9|14,6,5,13,0,1,8|14,6,5,13,0,9|14,6,5,13,1,0,9|14,6,5,13,1,8|14,6,5,13,2,3,10|14,6,5,13,2,10|14,6,5,13,3,2,10|14,6,5,13,3,10|14,6,5,13,8|14,6,5,13,9|14,6,5,13,10|14,6,8|14,6,9
13,0,11|13,1,8|13,2,3,10|13,2,10|13,3,2,10|13,3,10|13,4,7|13,8|13,9|13,10|14,5,6,8|14,5,6,9|14,5,8|14,5,9|14,6,5,8|14,6,5,9|14,6,8|14,6,9
13,1,8|13,1,9|13,3,2,10|13,3,10|13,4,7|13,5,8|13,5,9|13,7|13,8|13,9|13,10
13,0,1,8|13,0,1,9|13,0,12|13,1,0,12|13,1,8|13,1,9|13,3,10|13,4,7|13,7|13,8|13,9|14,5,6,8|14,5,6,9|14,5,8|14,5,9|14,6,5,8|14,6,5,9|14,6,8|14,6,9
13,0,1,8|13,0,1,9|13,0,8|13,1,0,8|13,1,8|13,1,9|13,4,7|13,5,8|13,5,9|13,7|13,8|13,9|14,6,8|14,6,9
13,0,1,8|13,0,1,9|13,0,8|13,0,9|13,1,0,8|13,1,0,9|13,1,8|13,1,9|13,2,4,7|13,4,7|13,6,5,8|13,6,5,12|13,6,8|13,6,12|13,7|13,8|13,12|14,5,6,8|14,5,6,12|14,5,6,13,0,1,8|14,5,6,13,0,1,9|14,5,6,13,0,8|14,5,6,13,0,9|14,5,6,13,1,0,8|14,5,6,13,1,0,9|14,5,6,13,1,8|14,5,6,13,1,9|14,5,6,13,2,4,7|14,5,6,13,4,7|14,5,6,13,7|14,5,6,13,8|14,5,6,13,12|14,5,8|14,5,12
13,1,0,9|13,1,0,11|13,1,8|13,1,9|13,2,4,7|13,2,7|13,4,2,7|13,4,7|13,5,6,8|13,5,6,12|13,5,8|13,5,12|13,6,5,8|13,6,5,12|13,6,8|13,6,12|13,7|13,8|13,12
13,0,11|13,0,12|13,2,4,7|13,2,7|13,4,2,7|13,4,7|13,6,8|13,6,12|13,7|13,8|13,12|14,5,8|14,5,12
13,0,12|13,2,4,7|13,2,7|13,4,2,7|13,4,7|13,5,6,11|13,5,6,12|13,5,11|13,5,12|13,6,5,11|13,6,5,12|13,6,11|13,6,12|13,7|13,11|13,12
13,0,1,9|13,0,8|13,2,4,7|13,2,7|13,4,2,7|13,4,7|13,6,11|13,6,12|13,7|13,11|13,12|14,5,11|14,5,12
13,4,2,7|13,4,7|13,5,6,11|13,5,6,12|13,5,11|13,5,12|13,7|13,10|13,11|13,12|14,6,5,11|14,6,5,12|14,6,5,13,4,2,7|14,6,5,13,4,7|14,6,5,13,7|14,6,5,13,10|14,6,5,13,11|14,6,5,13,12|14,6,11|14,6,12
13,0,1,9|13,0,9|13,1,0,9|13,1,9|13,10|13,11|13,12|14,5,6,11|14,5,11|14,5,12|14,6,5,11|14,6,5,12|14,6,11
13,0,1,9|13,0,11|13,1,0,11|13,1,9|13,5,11|13,5,12|13,10|13,11|13,12
13,0,11|13,0,12|13,1,9|13,9|13,10|13,11|14,5,6,11|14,5,9|14,5,11|14,6,5,9|14,6,5,11|14,6,11
13,1,9|13,2,10|13,3,2,10|13,5,9|13,5,11|13,9|13,10|13,11|14,6,9|14,6,11
13,0,8|13,0,9|13,1,0,8|13,1,0,9|13,2,10|13,3,2,10|13,6,5,9|13,6,5,11|13,6,9|13,6,11|13,9|13,10|13,11|14,5,6,9|14,5,6,11|14,5,6,13,0,8|14,5,6,13,0,9|14,5,6,13,1,0,8|14,5,6,13,1,0,9|14,5,6,13,2,10|14,5,6,13,3,2,10|14,5,6,13,9|14,5,6,13,10|14,5,6,13,11|14,5,9|14,5,11
13,0,9|13,1,0,9|13,2,10|13,5,6,8|13,5,6,9|13,5,8|13,5,9|13,6,5,8|13,6,5,9|13,6,8|13,6,9|13,8|13,9|13,10
13,0,11|13,1,0,11|13,2,10|13,3,4,7|13,4,7|13,6,8|13,6,9|13,8|13,9|13,10|14,5,8|14,5,9
13,1,0,11|13,1,0,12|13,1,11|13,3,4,7|13,4,7|13,5,6,8|13,5,6,9|13,5,8|13,5,9|13,6,5,8|13,6,5,9|13,6,8|13,6,9|13,7|13,8|13,9|13,10
13,0,12|13,3,4,7|13,4,7|13,6,8|13,6,9|13,7|13,8|13,9|14,5,8|14,5,9
13,0,8|13,3,4,7|13,4,7|13,5,6,8|13,5,6,9|13,5,8|13,5,9|13,7|13,8|13,9|14,6,5,8|14,6,5,9|14,6,5,13,0,8|14,6,5,13,3,4,7|14,6,5,13,4,7|14,6,5,13,7|14,6,5,13,8|14,6,5,13,9|14,6,8|14,6,9
13,0,1,11|13,0,8|13,0,9|13,2,4,7|13,3,4,7|13,4,7|13,7|13,8|13,12|14,5,6,12|14,5,8|14,5,12|14,6,5,8|14,6,5,12|14,6,12
13,2,4,7|13,2,7|13,3,4,2,7|13,3,4,7|13,4,2,7|13,4,7|13,5,8|13,5,12|13,7|13,8|13,12
13,0,1,11|13,0,11|13,0,12|13,1,0,11|13,1,0,12|13,1,11|13,2,3,4,7|13,2,4,7|13,2,7|13,3,2,4,7|13,3,2,7|13,3,4,2,7|13,3,4,7|13,4,2,7|13,4,3,2,7|13,4,7|13,7|13,8|13,12|14,5,6,8|14,5,8|14,5,12|14,6,5,8|14,6,5,12|14,6,8
13,0,1,11|13,0,12|13,1,0,12|13,1,11|13,2,3,4,7|13,2,3,7|13,2,4,3,7|13,2,4,7|13,2,7|13,3,2,4,7|13,3,2,7|13,3,4,2,7|13,3,4,7|13,3,7|13,4,2,3,7|13,4,2,7|13,4,3,2,7|13,4,3,7|13,4,7|13,5,11|13,5,12|13,7|13,11|13,12|14,6,11|14,6,12
13,0,8|13,1,11|13,2,3,4,7|13,2,3,7|13,2,4,3,7|13,2,4,7|13,2,7|13,3,2,4,7|13,3,2,7|13,3,4,2,7|13,3,4,7|13,3,7|13,4,2,3,7|13,4,2,7|13,4,3,2,7|13,4,3,7|13,4,7|13,6,5,11|13,6,5,12|13,6,11|13,6,12|13,7|13,11|13,12|14,5,6,11|14,5,6,12|14,5,6,13,0,8|14,5,6,13,1,11|14,5,6,13,2,3,4,7|14,5,6,13,2,3,7|14,5,6,13,2,4,3,7|14,5,6,13,2,4,7|14,5,6,13,2,7|14,5,6,13,3,2,4,7|14,5,6,13,3,2,7|14,5,6,13,3,4,2,7|14,5,6,13,3,4,7|14,5,6,13,3,7|14,5,6,13,4,2,3,7|14,5,6,13,4,2,7|14,5,6,13,4,3,2,7|14,5,6,13,4,3,7|14,5,6,13,4,7|14,5,6,13,7|14,5,6,13,11|14,5,6,13,12|14,5,11|14,5,12
13,1,11|13,1,12|13,4,2,3,7|13,4,2,7|13,4,3,2,7|13,4,3,7|13,4,7|13,5,6,11|13,5,6,12|13,5,11|13,5,12|13,6,5,11|13,6,5,12|13,6,11|13,6,12|13,7|13,10|13,11|13,12
13,0,1,11|13,0,1,12|13,0,9|13,1,0,9|13,1,11|13,1,12|13,6,11|13,6,12|13,10|13,11|13,12|14,5,11|14,5,12
13,0,1,11|13,0,1,12|13,0,11|13,1,0,11|13,1,11|13,1,12|13,5,6,11|13,5,6,12|13,5,11|13,5,12|13,6,5,11|13,6,5,12|13,6,11|13,6,12|13,10|13,11|13,12
13,0,1,11|13,0,1,12|13,0,11|13,0,12|13,1,0,11|13,1,0,12|13,1,11|13,1,12|13,6,9|13,6,11|13,9|13,10|13,11|14,5,9|14,5,11
13,1,0,8|13,1,0,12|13,1,11|13,1,12|13,2,10|13,5,6,9|13,5,6,11|13,5,9|13,5,11|13,9|13,10|13,11|14,6,5,9|14,6,5,11|14,6,5,13,1,0,8|14,6,5,13,1,0,12|14,6,5,13,1,11|14,6,5,13,1,12|14,6,5,13,2,10|14,6,5,13,9|14,6,5,13,10|14,6,5,13,11|14,6,9|14,6,11
13,0,8|13,0,9|13,2,10|13,9|13,10|13,11|14,5,6,9|14,5,9|14,5,11|14,6,5,9|14,6,5,11|14,6,9
13,0,9|13,2,10|13,5,8|13,5,9|13,8|13,9|13,10
13,0,1,12|13,0,11|13,2,10|13,3,4,7|13,3,7|13,4,3,7|13,4,7|13,8|13,9|13,10|14,5,6,9|14,5,8|14,5,9|14,6,5,8|14,6,5,9|14,6,9
13,3,4,7|13,3,7|13,4,3,7|13,4,7|13,5,8|13,5,9|13,7|13,8|13,9|13,10|14,6,8|14,6,9
13,0,1,12|13,0,12|13,1,0,12|13,1,12|13,3,4,7|13,3,7|13,4,3,7|13,4,7|13,6,5,8|13,6,5,9|13,6,8|13,6,9|13,7|13,8|13,9|14,5,6,8|14,5,6,9|14,5,6,13,0,1,12|14,5,6,13,0,12|14,5,6,13,1,0,12|14,5,6,13,1,12|14,5,6,13,3,4,7|14,5,6,13,3,7|14,5,6,13,4,3,7|14,5,6,13,4,7|14,5,6,13,7|14,5,6,13,8|14,5,6,13,9|14,5,8|14,5,9
13,0,1,12|13,0,8|13,1,0,8|13,1,12|13,3,4,7|13,3,7|13,4,3,7|13,4,7|13,5,6,8|13,5,6,9|13,5,8|13,5,9|13,6,5,8|13,6,5,9|13,6,8|13,6,9|13,7|13,8|13,9
13,0,8|13,0,9|13,1,12|13,2,3,4,7|13,2,3,7|13,2,4,3,7|13,2,4,7|13,3,2,4,7|13,3,4,7|13,3,7|13,4,2,3,7|13,4,3,7|13,4,7|13,6,8|13,6,12|13,7|13,8|13,12|14,5,8|14,5,12
13,1,12|13,2,3,4,7|13,2,3,7|13,2,4,3,7|13,2,4,7|13,2,7|13,3,2,4,7|13,3,2,7|13,3,4,2,7|13,3,4,7|13,3,7|13,4,2,3,7|13,4,2,7|13,4,3,2,7|13,4,3,7|13,4,7|13,5,6,8|13,5,6,12|13,5,8|13,5,12|13,6,5,8|13,6,5,12|13,6,8|13,6,12|13,7|13,8|13,12
13,0,11|13,0,12|13,1,0,11|13,1,0,12|13,2,3,4,7|13,2,3,7|13,2,4,3,7|13,2,4,7|13,2,7|13,3,2,4,7|13,3,2,7|13,3,4,2,7|13,3,4,7|13,3,7|13,4,2,3,7|13,4,2,7|13,4,3,2,7|13,4,3,7|13,4,7|13,6,8|13,6,12|13,7|13,8|13,12|14,5,8|14,5,12
13,0,12|13,1,0,12|13,2,3,4,7|13,2,3,7|13,2,4,3,7|13,2,4,7|13,2,7|13,3,2,4,7|13,3,2,7|13,3,4,2,7|13,3,4,7|13,3,7|13,4,2,3,7|13,4,2,7|13,4,3,2,7|13,4,3,7|13,4,7|13,5,6,11|13,5,6,12|13,5,11|13,5,12|13,7|13,11|13,12|14,6,5,11|14,6,5,12|14,6,5,13,0,12|14,6,5,13,1,0,12|14,6,5,13,2,3,4,7|14,6,5,13,2,3,7|14,6,5,13,2,4,3,7|14,6,5,13,2,4,7|14,6,5,13,2,7|14,6,5,13,3,2,4,7|14,6,5,13,3,2,7|14,6,5,13,3,4,2,7|14,6,5,13,3,4,7|14,6,5,13,3,7|14,6,5,13,4,2,3,7|14,6,5,13,4,2,7|14,6,5,13,4,3,2,7|14,6,5,13,4,3,7|14,6,5,13,4,7|14,6,5,13,7|14,6,5,13,11|14,6,5,13,12|14,6,11|14,6,12
13,0,8|13,1,0,8|13,2,3,4,7|13,2,3,7|13,2,4,3,7|13,2,4,7|13,2,7|13,3,2,4,7|13,3,2,7|13,3,4,2,7|13,3,4,7|13,3,7|13,4,2,3,7|13,4,2,7|13,4,3,2,7|13,4,3,7|13,4,7|13,7|13,11|13,12|14,5,6,11|14,5,6,12|14,5,11|14,5,12|14,6,5,11|14,6,5,12|14,6,11|14,6,12
13,1,0,8|13,1,0,9|13,1,8|13,3,2,4,7|13,3,2,7|13,3,4,2,7|13,3,4,7|13,3,7|13,4,2,3,7|13,4,2,7|13,4,3,2,7|13,4,3,7|13,4,7|13,5,11|13,5,12|13,7|13,10|13,11|13,12
13,0,9|13,3,4,7|13,3,7|13,10|13,11|13,12|14,5,6,11|14,5,6,12|14,5,11|14,5,12|14,6,5,11|14,6,5,12|14,6,11|14,6,12
13,0,11|13,3,4,7|13,5,11|13,5,12|13,10|13,11|13,12|14,6,11|14,6,12
13,0,1,8|13,0,11|13,0,12|13,3,4,7|13,6,5,9|13,6,5,11|13,6,9|13,6,11|13,9|13,10|13,11|14,5,6,9|14,5,6,11|14,5,6,13,0,1,8|14,5,6,13,0,11|14,5,6,13,0,12|14,5,6,13,3,4,7|14,5,6,13,9|14,5,6,13,10|14,5,6,13,11|14,5,9|14,5,11
13,2,10|13,5,6,9|13,5,6,11|13,5,9|13,5,11|13,6,5,9|13,6,5,11|13,6,9|13,6,11|13,9|13,10|13,11
13,0,1,8|13,0,8|13,0,9|13,1,0,8|13,1,0,9|13,1,8|13,2,10|13,6,9|13,6,11|13,9|13,10|13,11|14,5,9|14,5,11
13,0,1,8|13,0,9|13,1,0,9|13,1,8|13,2,10|13,5,6,8|13,5,6,9|13,5,8|13,5,9|13,6,5,8|13,6,5,9|13,6,8|13,6,9|13,8|13,9|13,10
13,0,11|13,1,8|13,2,10|13,4,7|13,6,8|13,6,9|13,8|13,9|13,10|14,5,8|14,5,9
13,1,8|13,1,9|13,4,7|13,5,6,8|13,5,6,9|13,5,8|13,5,9|13,7|13,8|13,9|13,10|14,6,5,8|14,6,5,9|14,6,5,13,1,8|14,6,5,13,1,9|14,6,5,13,4,7|14,6,5,13,7|14,6,5,13,8|14,6,5,13,9|14,6,5,13,10|14,6,8|14,6,9
13,0,1,8|13,0,1,9|13,0,12|13,1,0,12|13,1,8|13,1,9|13,4,7|13,7|13,8|13,9|14,5,6,8|14,5,8|14,5,9|14,6,5,8|14,6,5,9|14,6,8
13,0,1,8|13,0,1,9|13,0,8|13,1,0,8|13,1,8|13,1,9|13,4,7|13,5,8|13,5,9|13,7|13,8|13,9
13,0,1,8|13,0,1,9|13,0,8|13,0,9|13,1,0,8|13,1,0,9|13,1,8|13,1,9|13,2,4,7|13,3,2,4,7|13,4,7|13,7|13,8|13,12|14,5,6,8|14,5,8|14,5,12|14,6,5,8|14,6,5,12|14,6,8
13,1,0,9|13,1,0,11|13,1,8|13,1,9|13,2,4,7|13,2,7|13,3,2,4,7|13,3,2,7|13,4,2,7|13,4,7|13,5,8|13,5,12|13,7|13,8|13,12|14,6,8|14,6,12
13,0,11|13,0,12|13,2,4,7|13,2,7|13,3,2,4,7|13,3,2,7|13,4,2,7|13,4,7|13,6,5,8|13,6,5,12|13,6,8|13,6,12|13,7|13,8|13,12|14,5,6,8|14,5,6,12|14,5,6,13,0,11|14,5,6,13,0,12|14,5,6,13,2,4,7|14,5,6,13,2,7|14,5,6,13,3,2,4,7|14,5,6,13,3,2,7|14,5,6,13,4,2,7|14,5,6,13,4,7|14,5,6,13,7|14,5,6,13,8|14,5,6,13,12|14,5,8|14,5,12
13,0,12|13,2,4,7|13,2,7|13,4,2,7|13,4,7|13,5,6,11|13,5,6,12|13,5,11|13,5,12|13,6,5,11|13,6,5,12|13,6,11|13,6,12|13,7|13,11|13,12
13,0,1,9|13,0,8|13,2,4,7|13,2,7|13,4,2,7|13,4,7|13,6,11|13,6,12|13,7|13,11|13,12|14,5,11|14,5,12
13,4,2,7|13,4,7|13,5,6,11|13,5,6,12|13,5,11|13,5,12|13,6,5,11|13,6,5,12|13,6,11|13,6,12|13,7|13,10|13,11|13,12
13,0,1,9|13,0,9|13,1,0,9|13,1,9|13,6,11|13,6,12|13,10|13,11|13,12|14,5,11|14,5,12
13,0,1,9|13,0,11|13,1,0,11|13,1,9|13,5,6,11|13,5,6,12|13,5,11|13,5,12|13,10|13,11|13,12|14,6,5,11|14,6,5,12|14,6,5,13,0,1,9|14,6,5,13,0,11|14,6,5,13,1,0,11|14,6,5,13,1,9|14,6,5,13,10|14,6,5,13,11|14,6,5,13,12|14,6,11|14,6,12
13,0,11|13,0,12|13,1,9|13,9|13,10|13,11|14,5,6,9|14,5,9|14,5,11|14,6,5,9|14,6,5,11|14,6,9
13,1,9|13,2,10|13,5,9|13,5,11|13,9|13,10|13,11
13,0,8|13,0,9|13,1,0,8|13,1,0,9|13,2,10|13,3,2,10|13,9|13,10|13,11|14,5,6,11|14,5,9|14,5,11|14,6,5,9|14,6,5,11|14,6,11
13,0,9|13,1,0,9|13,2,3,10|13,2,10|13,3,2,10|13,3,10|13,5,8|13,5,9|13,8|13,9|13,10|14,6,8|14,6,9
13,0,11|13,1,0,11|13,2,3,10|13,2,10|13,3,2,10|13,3,10|13,4,7|13,6,5,8|13,6,5,9|13,6,8|13,6,9|13,8|13,9|13,10|14,5,6,8|14,5,6,9|14,5,6,13,0,11|14,5,6,13,1,0,11|14,5,6,13,2,3,10|14,5,6,13,2,10|14,5,6,13,3,2,10|14,5,6,13,3,10|14,5,6,13,4,7|14,5,6,13,8|14,5,6,13,9|14,5,6,13,10|14,5,8|14,5,9
13,1,0,11|13,1,0,12|13,1,11|13,4,7|13,5,6,8|13,5,6,9|13,5,8|13,5,9|13,6,5,8|13,6,5,9|13,6,8|13,6,9|13,7|13,8|13,9|13,10
13,0,12|13,4,7|13,6,8|13,6,9|13,7|13,8|13,9|14,5,8|14,5,9
13,0,8|13,4,7|13,5,6,8|13,5,6,9|13,5,8|13,5,9|13,6,5,8|13,6,5,9|13,6,8|13,6,9|13,7|13,8|13,9
13,0,1,11|13,0,8|13,0,9|13,2,4,7|13,4,7|13,6,8|13,6,12|13,7|13,8|13,12|14,5,8|14,5,12
13,2,4,7|13,2,7|13,4,2,7|13,4,7|13,5,6,8|13,5,6,12|13,5,8|13,5,12|13,7|13,8|13,12|14,6,5,8|14,6,5,12|14,6,5,13,2,4,7|14,6,5,13,2,7|14,6,5,13,4,2,7|14,6,5,13,4,7|14,6,5,13,7|14,6,5,13,8|14,6,5,13,12|14,6,8|14,6,12
13,0,1,11|13,0,11|13,0,12|13,1,0,11|13,1,0,12|13,1,11|13,2,4,7|13,2,7|13,4,2,7|13,4,7|13,7|13,8|13,12|14,5,6,12|14,5,8|14,5,12|14,6,5,8|14,6,5,12|14,6,12
13,0,1,11|13,0,12|13,1,0,12|13,1,11|13,2,4,7|13,2,7|13,4,2,7|13,4,7|13,5,11|13,5,12|13,7|13,11|13,12
13,0,8|13,1,11|13,2,4,7|13,2,7|13,3,10|13,4,2,7|13,4,7|13,7|13,11|13,12|14,5,6,12|14,5,11|14,5,12|14,6,5,11|14,6,5,12|14,6,12
13,1,11|13,1,12|13,3,10|13,4,2,7|13,4,7|13,5,11|13,5,12|13,7|13,10|13,11|13,12|14,6,11|14,6,12
13,0,1,11|13,0,1,12|13,0,9|13,1,0,9|13,1,11|13,1,12|13,3,10|13,6,5,11|13,6,5,12|13,6,11|13,6,12|13,10|13,11|13,12|14,5,6,11|14,5,6,12|14,5,6,13,0,1,11|14,5,6,13,0,1,12|14,5,6,13,0,9|14,5,6,13,1,0,9|14,5,6,13,1,11|14,5,6,13,1,12|14,5,6,13,3,10|14,5,6,13,10|14,5,6,13,11|14,5,6,13,12|14,5,11|14,5,12
13,0,1,11|13,0,1,12|13,0,11|13,1,0,11|13,1,11|13,1,12|13,3,2,4,7|13,3,10|13,5,6,11|13,5,6,12|13,5,11|13,5,12|13,6,5,11|13,6,5,12|13,6,11|13,6,12|13,10|13,11|13,12
13,0,1,11|13,0,1,12|13,0,11|13,0,12|13,1,0,11|13,1,0,12|13,1,11|13,1,12|13,2,3,10|13,3,10|13,6,9|13,6,11|13,9|13,10|13,11|14,5,9|14,5,11
13,1,0,8|13,1,0,12|13,1,11|13,1,12|13,2,3,10|13,2,10|13,3,2,10|13,3,10|13,5,6,9|13,5,6,11|13,5,9|13,5,11|13,6,5,9|13,6,5,11|13,6,9|13,6,11|13,9|13,10|13,11
13,0,8|13,0,9|13,2,3,10|13,2,10|13,3,2,10|13,3,10|13,6,9|13,6,11|13,9|13,10|13,11|14,5,9|14,5,11
13,0,9|13,2,3,10|13,2,10|13,3,2,10|13,3,10|13,5,6,8|13,5,6,9|13,5,8|13,5,9|13,8|13,9|13,10|14,6,5,8|14,6,5,9|14,6,5,13,0,9|14,6,5,13,2,3,10|14,6,5,13,2,10|14,6,5,13,3,2,10|14,6,5,13,3,10|14,6,5,13,8|14,6,5,13,9|14,6,5,13,10|14,6,8|14,6,9
13,0,1,12|13,0,11|13,2,3,10|13,2,10|13,3,2,10|13,3,10|13,4,7|13,8|13,9|13,10|14,5,6,8|14,5,6,9|14,5,8|14,5,9|14,6,5,8|14,6,5,9|14,6,8|14,6,9
13,3,2,10|13,3,10|13,4,7|13,5,8|13,5,9|13,7|13,8|13,9|13,10
13,0,1,12|13,0,12|13,1,0,12|13,1,12|13,3,10|13,4,7|13,7|13,8|13,9|14,5,6,8|14,5,6,9|14,5,8|14,5,9|14,6,5,8|14,6,5,9|14,6,8|14,6,9
13,0,1,12|13,0,8|13,1,0,8|13,1,12|13,4,7|13,5,8|13,5,9|13,7|13,8|13,9|14,6,8|14,6,9
13,0,8|13,0,9|13,1,12|13,2,4,7|13,4,7|13,6,5,8|13,6,5,12|13,6,8|13,6,12|13,7|13,8|13,12|14,5,6,8|14,5,6,12|14,5,6,13,0,8|14,5,6,13,0,9|14,5,6,13,1,12|14,5,6,13,2,4,7|14,5,6,13,4,7|14,5,6,13,7|14,5,6,13,8|14,5,6,13,12|14,5,8|14,5,12
13,1,12|13,2,4,7|13,2,7|13,4,2,7|13,4,7|13,5,6,8|13,5,6,12|13,5,8|13,5,12|13,6,5,8|13,6,5,12|13,6,8|13,6,12|13,7|13,8|13,12
13,0,11|13,0,12|13,1,0,11|13,1,0,12|13,2,4,7|13,2,7|13,4,2,7|13,4,7|13,6,8|13,6,12|13,7|13,8|13,12|14,5,8|14,5,12
13,0,12|13,1,0,12|13,2,4,7|13,2,7|13,4,2,7|13,4,7|13,5,6,11|13,5,6,12|13,5,11|13,5,12|13,6,5,11|13,6,5,12|13,6,11|13,6,12|13,7|13,11|13,12
13,0,8|13,1,0,8|13,2,4,7|13,2,7|13,4,2,7|13,4,7|13,6,11|13,6,12|13,7|13,11|13,12|14,5,11|14,5,12
13,1,0,8|13,1,0,9|13,1,8|13,4,2,7|13,4,7|13,5,6,11|13,5,6,12|13,5,11|13,5,12|13,7|13,10|13,11|13,12|14,6,5,11|14,6,5,12|14,6,5,13,1,0,8|14,6,5,13,1,0,9|14,6,5,13,1,8|14,6,5,13,4,2,7|14,6,5,13,4,7|14,6,5,13,7|14,6,5,13,10|14,6,5,13,11|14,6,5,13,12|14,6,11|14,6,12
13,0,9|13,10|13,11|13,12|14,5,6,11|14,5,11|14,5,12|14,6,5,11|14,6,5,12|14,6,11
13,0,11|13,5,11|13,5,12|13,10|13,11|13,12
13,0,1,8|13,0,11|13,0,12|13,9|13,10|13,11|14,5,6,11|14,5,9|14,5,11|14,6,5,9|14,6,5,11|14,6,11
13,2,10|13,3,2,10|13,5,9|13,5,11|13,9|13,10|13,11|14,6,9|14,6,11
13,0,1,8|13,0,8|13,0,9|13,1,0,8|13,1,0,9|13,1,8|13,2,10|13,3,2,10|13,6,5,9|13,6,5,11|13,6,9|13,6,11|13,9|13,10|13,11|14,5,6,9|14,5,6,11|14,5,6,13,0,1,8|14,5,6,13,0,8|14,5,6,13,0,9|14,5,6,13,1,0,8|14,5,6,13,1,0,9|14,5,6,13,1,8|14,5,6,13,2,10|14,5,6,13,3,2,10|14,5,6,13,9|14,5,6,13,10|14,5,6,13,11|14,5,9|14,5,11
13,0,1,8|13,0,9|13,1,0,9|13,1,8|13,2,10|13,5,6,8|13,5,6,9|13,5,8|13,5,9|13,6,5,8|13,6,5,9|13,6,8|13,6,9|13,8|13,9|13,10
13,0,11|13,1,8|13,2,10|13,3,4,7|13,4,7|13,6,8|13,6,9|13,8|13,9|13,10|14,5,8|14,5,9
13,1,8|13,1,9|13,3,4,7|13,4,7|13,5,6,8|13,5,6,9|13,5,8|13,5,9|13,6,5,8|13,6,5,9|13,6,8|13,6,9|13,7|13,8|13,9|13,10
13,0,1,8|13,0,1,9|13,0,12|13,1,0,12|13,1,8|13,1,9|13,3,4,7|13,4,7|13,6,8|13,6,9|13,7|13,8|13,9|14,5,8|14,5,9
13,0,1,8|13,0,1,9|13,0,8|13,1,0,8|13,1,8|13,1,9|13,3,4,7|13,4,7|13,5,6,8|13,5,6,9|13,5,8|13,5,9|13,7|13,8|13,9|14,6,5,8|14,6,5,9|14,6,5,13,0,1,8|14,6,5,13,0,1,9|14,6,5,13,0,8|14,6,5,13,1,0,8|14,6,5,13,1,8|14,6,5,13,1,9|14,6,5,13,3,4,7|14,6,5,13,4,7|14,6,5,13,7|14,6,5,13,8|14,6,5,13,9|14,6,8|14,6,9
13,0,1,8|13,0,1,9|13,0,8|13,0,9|13,1,0,8|13,1,0,9|13,1,8|13,1,9|13,2,4,7|13,3,4,7|13,4,7|13,7|13,8|13,12|14,5,6,12|14,5,8|14,5,12|14,6,5,8|14,6,5,12|14,6,12
13,1,0,9|13,1,0,11|13,1,8|13,1,9|13,2,4,7|13,2,7|13,3,4,2,7|13,3,4,7|13,4,2,7|13,4,7|13,5,8|13,5,12|13,7|13,8|13,12
13,0,11|13,0,12|13,2,3,4,7|13,2,4,7|13,2,7|13,3,2,4,7|13,3,2,7|13,3,4,2,7|13,3,4,7|13,4,2,7|13,4,3,2,7|13,4,7|13,7|13,8|13,12|14,5,6,8|14,5,8|14,5,12|14,6,5,8|14,6,5,12|14,6,8
13,0,12|13,2,3,4,7|13,2,3,7|13,2,4,3,7|13,2,4,7|13,2,7|13,3,2,4,7|13,3,2,7|13,3,4,2,7|13,3,4,7|13,3,7|13,4,2,3,7|13,4,2,7|13,4,3,2,7|13,4,3,7|13,4,7|13,5,11|13,5,12|13,7|13,11|13,12|14,6,11|14,6,12
13,0,1,9|13,0,8|13,2,3,4,7|13,2,3,7|13,2,4,3,7|13,2,4,7|13,2,7|13,3,2,4,7|13,3,2,7|13,3,4,2,7|13,3,4,7|13,3,7|13,4,2,3,7|13,4,2,7|13,4,3,2,7|13,4,3,7|13,4,7|13,6,5,11|13,6,5,12|13,6,11|13,6,12|13,7|13,11|13,12|14,5,6,11|14,5,6,12|14,5,6,13,0,1,9|14,5,6,13,0,8|14,5,6,13,2,3,4,7|14,5,6,13,2,3,7|14,5,6,13,2,4,3,7|14,5,6,13,2,4,7|14,5,6,13,2,7|14,5,6,13,3,2,4,7|14,5,6,13,3,2,7|14,5,6,13,3,4,2,7|14,5,6,13,3,4,7|14,5,6,13,3,7|14,5,6,13,4,2,3,7|14,5,6,13,4,2,7|14,5,6,13,4,3,2,7|14,5,6,13,4,3,7|14,5,6,13,4,7|14,5,6,13,7|14,5,6,13,11|14,5,6,13,12|14,5,11|14,5,12
13,4,2,3,7|13,4,2,7|13,4,3,2,7|13,4,3,7|13,4,7|13,5,6,11|13,5,6,12|13,5,11|13,5,12|13,6,5,11|13,6,5,12|13,6,11|13,6,12|13,7|13,10|13,11|13,12
13,0,1,9|13,0,9|13,1,0,9|13,1,9|13,6,11|13,6,12|13,10|13,11|13,12|14,5,11|14,5,12
13,0,1,9|13,0,11|13,1,0,11|13,1,9|13,5,6,11|13,5,6,12|13,5,11|13,5,12|13,6,5,11|13,6,5,12|13,6,11|13,6,12|13,10|13,11|13,12
13,0,11|13,0,12|13,1,9|13,6,9|13,6,11|13,9|13,10|13,11|14,5,9|14,5,11
13,1,9|13,2,10|13,5,6,9|13,5,6,11|13,5,9|13,5,11|13,9|13,10|13,11|14,6,5,9|14,6,5,11|14,6,5,13,1,9|14,6,5,13,2,10|14,6,5,13,9|14,6,5,13,10|14,6,5,13,11|14,6,9|14,6,11
13,0,8|13,0,9|13,1,0,8|13,1,0,9|13,2,10|13,9|13,10|13,11|14,5,6,9|14,5,9|14,5,11|14,6,5,9|14,6,5,11|14,6,9
13,0,9|13,1,0,9|13,2,10|13,5,8|13,5,9|13,8|13,9|13,10
13,0,11|13,1,0,11|13,2,10|13,3,4,7|13,3,7|13,4,3,7|13,4,7|13,8|13,9|13,10|14,5,6,9|14,5,8|14,5,9|14,6,5,8|14,6,5,9|14,6,9
13,1,0,11|13,1,0,12|13,1,11|13,3,4,7|13,3,7|13,4,3,7|13,4,7|13,5,8|13,5,9|13,7|13,8|13,9|13,10|14,6,8|14,6,9
13,0,12|13,3,4,7|13,3,7|13,4,3,7|13,4,7|13,6,5,8|13,6,5,9|13,6,8|13,6,9|13,7|13,8|13,9|14,5,6,8|14,5,6,9|14,5,6,13,0,12|14,5,6,13,3,4,7|14,5,6,13,3,7|14,5,6,13,4,3,7|14,5,6,13,4,7|14,5,6,13,7|14,5,6,13,8|14,5,6,13,9|14,5,8|14,5,9
13,0,8|13,3,4,7|13,3,7|13,4,3,7|13,4,7|13,5,6,8|13,5,6,9|13,5,8|13,5,9|13,6,5,8|13,6,5,9|13,6,8|13,6,9|13,7|13,8|13,9
13,0,1,11|13,0,8|13,0,9|13,2,3,4,7|13,2,3,7|13,2,4,3,7|13,2,4,7|13,3,2,4,7|13,3,4,7|13,3,7|13,4,2,3,7|13,4,3,7|13,4,7|13,6,8|13,6,12|13,7|13,8|13,12|14,5,8|14,5,12
13,2,3,4,7|13,2,3,7|13,2,4,3,7|13,2,4,7|13,2,7|13,3,2,4,7|13,3,2,7|13,3,4,2,7|13,3,4,7|13,3,7|13,4,2,3,7|13,4,2,7|13,4,3,2,7|13,4,3,7|13,4,7|13,5,6,8|13,5,6,12|13,5,8|13,5,12|13,6,5,8|13,6,5,12|13,6,8|13,6,12|13,7|13,8|13,12
13,0,1,11|13,0,11|13,0,12|13,1,0,11|13,1,0,12|13,1,11|13,2,3,4,7|13,2,3,7|13,2,4,3,7|13,2,4,7|13,2,7|13,3,2,4,7|13,3,2,7|13,3,4,2,7|13,3,4,7|13,3,7|13,4,2,3,7|13,4,2,7|13,4,3,2,7|13,4,3,7|13,4,7|13,6,8|13,6,12|13,7|13,8|13,12|14,5,8|14,5,12
13,0,1,11|13,0,12|13,1,0,12|13,1,11|13,2,3,4,7|13,2,3,7|13,2,4,3,7|13,2,4,7|13,2,7|13,3,2,4,7|13,3,2,7|13,3,4,2,7|13,3,4,7|13,3,7|13,4,2,3,7|13,4,2,7|13,4,3,2,7|13,4,3,7|13,4,7|13,5,6,11|13,5,6,12|13,5,11|13,5,12|13,7|13,11|13,12|14,6,5,11|14,6,5,12|14,6,5,13,0,1,11|14,6,5,13,0,12|14,6,5,13,1,0,12|14,6,5,13,1,11|14,6,5,13,2,3,4,7|14,6,5,13,2,3,7|14,6,5,13,2,4,3,7|14,6,5,13,2,4,7|14,6,5,13,2,7|14,6,5,13,3,2,4,7|14,6,5,13,3,2,7|14,6,5,13,3,4,2,7|14,6,5,13,3,4,7|14,6,5,13,3,7|14,6,5,13,4,2,3,7|14,6,5,13,4,2,7|14,6,5,13,4,3,2,7|14,6,5,13,4,3,7|14,6,5,13,4,7|14,6,5,13,7|14,6,5,13,11|14,6,5,13,12|14,6,11|14,6,12
13,0,8|13,1,11|13,2,3,4,7|13,2,3,7|13,2,4,3,7|13,2,4,7|13,2,7|13,3,2,4,7|13,3,2,7|13,3,4,2,7|13,3,4,7|13,3,7|13,4,2,3,7|13,4,2,7|13,4,3,2,7|13,4,3,7|13,4,7|13,7|13,11|13,12|14,5,6,11|14,5,6,12|14,5,11|14,5,12|14,6,5,11|14,6,5,12|14,6,11|14,6,12
13,1,11|13,1,12|13,3,2,4,7|13,3,2,7|13,3,4,2,7|13,3,4,7|13,3,7|13,4,2,3,7|13,4,2,7|13,4,3,2,7|13,4,3,7|13,4,7|13,5,11|13,5,12|13,7|13,10|13,11|13,12
13,0,1,11|13,0,1,12|13,0,9|13,1,0,9|13,1,11|13,1,12|13,3,4,7|13,3,7|13,10|13,11|13,12|14,5,6,11|14,5,6,12|14,5,11|14,5,12|14,6,5,11|14,6,5,12|14,6,11|14,6,12
13,0,1,11|13,0,1,12|13,0,11|13,1,0,11|13,1,11|13,1,12|13,3,4,7|13,5,11|13,5,12|13,10|13,11|13,12|14,6,11|14,6,12
13,0,1,11|13,0,1,12|13,0,11|13,0,12|13,1,0,11|13,1,0,12|13,1,11|13,1,12|13,3,4,7|13,6,5,9|13,6,5,11|13,6,9|13,6,11|13,9|13,10|13,11|14,5,6,9|14,5,6,11|14,5,6,13,0,1,11|14,5,6,13,0,1,12|14,5,6,13,0,11|14,5,6,13,0,12|14,5,6,13,1,0,11|14,5,6,13,1,0,12|14,5,6,13,1,11|14,5,6,13,1,12|14,5,6,13,3,4,7|14,5,6,13,9|14,5,6,13,10|14,5,6,13,11|14,5,9|14,5,11
13,1,0,8|13,1,0,12|13,1,11|13,1,12|13,2,10|13,5,6,9|13,5,6,11|13,5,9|13,5,11|13,6,5,9|13,6,5,11|13,6,9|13,6,11|13,9|13,10|13,11
13,0,8|13,0,9|13,2,10|13,6,9|13,6,11|13,9|13,10|13,11|14,5,9|14,5,11
13,0,9|13,2,10|13,5,6,8|13,5,6,9|13,5,8|13,5,9|13,6,5,8|13,6,5,9|13,6,8|13,6,9|13,8|13,9|13,10
13,0,1,12|13,0,11|13,2,10|13,4,7|13,6,8|13,6,9|13,8|13,9|13,10|14,5,8|14,5,9
13,4,7|13,5,6,8|13,5,6,9|13,5,8|13,5,9|13,7|13,8|13,9|13,10|14,6,5,8|14,6,5,9|14,6,5,13,4,7|14,6,5,13,7|14,6,5,13,8|14,6,5,13,9|14,6,5,13,10|14,6,8|14,6,9
13,0,1,12|13,0,12|13,1,0,12|13,1,12|13,4,7|13,7|13,8|13,9|14,5,6,8|14,5,8|14,5,9|14,6,5,8|14,6,5,9|14,6,8
13,0,1,12|13,0,8|13,1,0,8|13,1,12|13,4,7|13,5,8|13,5,9|13,7|13,8|13,9
13,0,8|13,0,9|13,1,12|13,2,4,7|13,3,2,4,7|13,4,7|13,7|13,8|13,12|14,5,6,8|14,5,8|14,5,12|14,6,5,8|14,6,5,12|14,6,8
13,1,12|13,2,4,7|13,2,7|13,3,2,4,7|13,3,2,7|13,4,2,7|13,4,7|13,5,8|13,5,12|13,7|13,8|13,12|14,6,8|14,6,12
13,0,11|13,0,12|13,1,0,11|13,1,0,12|13,2,4,7|13,2,7|13,3,2,4,7|13,3,2,7|13,4,2,7|13,4,7|13,6,5,8|13,6,5,12|13,6,8|13,6,12|13,7|13,8|13,12|14,5,6,8|14,5,6,12|14,5,6,13,0,11|14,5,6,13,0,12|14,5,6,13,1,0,11|14,5,6,13,1,0,12|14,5,6,13,2,4,7|14,5,6,13,2,7|14,5,6,13,3,2,4,7|14,5,6,13,3,2,7|14,5,6,13,4,2,7|14,5,6,13,4,7|14,5,6,13,7|14,5,6,13,8|14,5,6,13,12|14,5,8|14,5,12
13,0,12|13,1,0,12|13,2,4,7|13,2,7|13,4,2,7|13,4,7|13,5,6,11|13,5,6,12|13,5,11|13,5,12|13,6,5,11|13,6,5,12|13,6,11|13,6,12|13,7|13,11|13,12
13,0,8|13,1,0,8|13,2,4,7|13,2,7|13,4,2,7|13,4,7|13,6,11|13,6,12|13,7|13,11|13,12|14,5,11|14,5,12
13,1,0,8|13,1,0,9|13,1,8|13,4,2,7|13,4,7|13,5,6,11|13,5,6,12|13,5,11|13,5,12|13,6,5,11|13,6,5,12|13,6,11|13,6,12|13,7|13,10|13,11|13,12
13,0,9|13,6,11|13,6,12|13,10|13,11|13,12|14,5,11|14,5,12
13,0,11|13,5,6,11|13,5,6,12|13,5,11|13,5,12|13,10|13,11|13,12|14,6,5,11|14,6,5,12|14,6,5,13,0,11|14,6,5,13,10|14,6,5,13,11|14,6,5,13,12|14,6,11|14,6,12
13,0,1,8|13,0,11|13,0,12|13,9|13,10|13,11|14,5,6,9|14,5,9|14,5,11|14,6,5,9|14,6,5,11|14,6,9
13,2,10|13,5,9|13,5,11|13,9|13,10|13,11
13,0,1,8|13,0,8|13,0,9|13,1,0,8|13,1,0,9|13,1,8|13,2,10|13,3,2,10|13,9|13,10|13,11|14,5,6,11|14,5,9|14,5,11|14,6,5,9|14,6,5,11|14,6,11
13,0,1,8|13,0,9|13,1,0,9|13,1,8|13,2,3,10|13,2,10|13,3,2,10|13,3,10|13,5,8|13,5,9|13,8|13,9|13,10|14,6,8|14,6,9
13,0,11|13,1,8|13,2,3,10|13,2,10|13,3,2,10|13,3,10|13,4,7|13,6,5,8|13,6,5,9|13,6,8|13,6,9|13,8|13,9|13,10|14,5,6,8|14,5,6,9|14,5,6,13,0,11|14,5,6,13,1,8|14,5,6,13,2,3,10|14,5,6,13,2,10|14,5,6,13,3,2,10|14,5,6,13,3,10|14,5,6,13,4,7|14,5,6,13,8|14,5,6,13,9|14,5,6,13,10|14,5,8|14,5,9
13,1,8|13,1,9|13,4,7|13,5,6,8|13,5,6,9|13,5,8|13,5,9|13,6,5,8|13,6,5,9|13,6,8|13,6,9|13,7|13,8|13,9|13,10
13,0,1,8|13,0,1,9|13,0,12|13,1,0,12|13,1,8|13,1,9|13,4,7|13,6,8|13,6,9|13,7|13,8|13,9|14,5,8|14,5,9
13,0,1,8|13,0,1,9|13,0,8|13,1,0,8|13,1,8|13,1,9|13,4,7|13,5,6,8|13,5,6,9|13,5,8|13,5,9|13,6,5,8|13,6,5,9|13,6,8|13,6,9|13,7|13,8|13,9
13,0,1,8|13,0,1,9|13,0,8|13,0,9|13,1,0,8|13,1,0,9|13,1,8|13,1,9|13,2,4,7|13,4,7|13,6,8|13,6,12|13,7|13,8|13,12|14,5,8|14,5,12
13,1,0,9|13,1,0,11|13,1,8|13,1,9|13,2,4,7|13,2,7|13,4,2,7|13,4,7|13,5,6,8|13,5,6,12|13,5,8|13,5,12|13,7|13,8|13,12|14,6,5,8|14,6,5,12|14,6,5,13,1,0,9|14,6,5,13,1,0,11|14,6,5,13,1,8|14,6,5,13,1,9|14,6,5,13,2,4,7|14,6,5,13,2,7|14,6,5,13,4,2,7|14,6,5,13,4,7|14,6,5,13,7|14,6,5,13,8|14,6,5,13,12|14,6,8|14,6,12
